50
200
1 2 3
1 3 -1
1 4 -6
3 5 1
2 6 1
3 7 -3
8 6 -6
9 4 -4
10 6 10
11 3 2
8 12 4
12 13 3
8 14 10
13 15 10
16 9 -9
17 10 7
18 15 -4
16 19 -4
20 5 8
4 21 1
10 22 -5
9 23 4
24 21 9
9 25 -5
17 26 2
27 19 10
28 23 -6
11 29 -8
13 30 -2
18 31 -7
32 15 10
33 3 -3
8 34 9
35 20 3
36 31 6
27 37 9
33 38 3
29 39 -5
40 29 0
41 26 -8
42 19 5
43 38 7
44 15 9
1 45 -10
9 46 -9
21 47 2
48 43 2
49 3 6
1 50 -10
28 7 2
19 12 -1
18 47 -1
16 25 -9
44 47 -9
50 47 -9
49 18 -10
19 4 -2
21 6 1
49 4 -9
40 32 -7
8 7 -4
24 41 -9
24 44 -7
40 35 1
9 17 -10
49 26 -10
16 42 -7
32 48 10
49 2 10
50 27 8
50 36 8
33 19 -1
32 43 7
5 39 -8
10 27 9
25 21 -4
19 13 -7
41 9 -1
6 47 9
11 23 5
20 29 5
4 37 2
21 39 5
35 30 7
33 2 6
25 44 -10
24 7 -10
34 19 2
9 35 -4
16 3 1
25 34 -4
1 46 8
38 47 -5
3 39 5
42 5 -8
9 33 -5
2 28 -3
49 19 -4
28 45 3
34 6 2
17 42 -10
1 14 1
38 15 -2
13 23 -10
18 29 -6
18 20 -8
46 14 4
33 50 -1
2 31 -3
40 49 -4
1 26 2
19 29 3
41 20 10
19 3 7
46 23 10
40 27 7
3 36 7
44 21 10
16 22 3
18 11 -2
4 46 1
40 26 6
32 10 9
24 39 -7
25 20 -5
42 13 7
28 29 0
43 4 -7
34 11 1
25 7 -10
29 30 8
3 46 -6
40 1 -8
26 12 -4
17 25 -5
48 23 -1
48 21 -5
27 31 -4
50 6 4
11 15 -5
46 38 2
24 33 9
17 7 1
38 23 7
50 12 -3
20 31 4
49 22 -1
25 30 -9
3 6 -6
10 46 -3
24 29 8
18 45 -4
42 27 8
8 30 6
3 45 8
32 3 2
25 12 -9
40 36 -9
1 30 -3
49 37 0
44 14 0
10 36 9
18 10 -5
32 4 2
20 15 1
34 43 -7
29 45 1
19 21 -10
25 11 -10
8 17 0
49 10 -4
36 5 -2
11 14 4
48 17 5
13 46 1
26 6 -7
24 26 0
40 44 -7
8 38 -6
45 31 4
2 29 -5
32 2 -2
12 47 3
40 47 2
33 12 3
40 2 -1
25 19 8
43 47 -6
42 3 -6
21 31 10
32 19 -3
17 37 -7
21 13 -7
34 4 1
9 47 -6
34 22 9
8 27 -5
34 21 -1
8 35 9
32 38 2
