  44: (1, 45) -10.0
  49: (1, 50) -10.0
  56: (49, 18) -10.0
  65: (9, 17) -10.0
  66: (49, 26) -10.0
  86: (25, 44) -10.0
  87: (24, 7) -10.0
 101: (17, 42) -10.0
 104: (13, 23) -10.0
 130: (25, 7) -10.0
 168: (19, 21) -10.0
 169: (25, 11) -10.0
  15: (16, 9) -9.0
  45: (9, 46) -9.0
  53: (16, 25) -9.0
  54: (44, 47) -9.0
  55: (50, 47) -9.0
  59: (49, 4) -9.0
  62: (24, 41) -9.0
 148: (25, 30) -9.0
 157: (25, 12) -9.0
 158: (40, 36) -9.0
  28: (11, 29) -8.0
  40: (41, 26) -8.0
  74: (5, 39) -8.0
  95: (42, 5) -8.0
 106: (18, 20) -8.0
 133: (40, 1) -8.0
  30: (18, 31) -7.0
  60: (40, 32) -7.0
  77: (19, 13) -7.0
 128: (43, 4) -7.0
 166: (34, 43) -7.0
 176: (26, 6) -7.0
 192: (17, 37) -7.0
   7: (8, 6) -6.0
  27: (28, 23) -6.0
 132: (3, 46) -6.0
 179: (8, 38) -6.0
  21: (10, 22) -5.0
  96: (9, 33) -5.0
 137: (48, 21) -5.0
 140: (11, 15) -5.0
 163: (18, 10) -5.0
 181: (2, 29) -5.0
 197: (8, 27) -5.0
  18: (16, 19) -4.0
  89: (9, 35) -4.0
 161: (44, 14) 0.0
Total Weight = -374.00
